62.97078
80.26204
69.7938
72.52932
71.9378
66.01682
76.10114
68.34273
71.22793
68.76129
64.62153
65.10602
73.66782
69.88962
65.72916
67.9526
66.61177
55.86206
71.03448
67.73102
75.2353
70.34066
75.44762
75.79047
72.64471
78.83225
70.32746
69.69171
78.90579
67.74909
62.88629
73.2334
78.66065
73.55089
74.64209
70.14144
64.8409
74.2007
66.66391
63.69502
71.49927
75.16988
65.14043
77.55907
56.9801
60.52967
71.03114
77.72957
63.17783
68.5158
70.01654
74.54823
78.51063
71.60102
77.73636
60.94148
81.50807
66.8604
67.5188
63.25111
73.11519
72.11968
83.4768
64.37318
82.82995
73.90757
65.79984
66.98899
69.25514
54.73641
64.78756
70.92145
63.342
63.79757
75.80915
68.89212
77.77435
81.32075
64.44134
67.92939
63.96248
62.76114
78.05834
65.58859
70.18531
71.01796
76.87681
68.64732
73.239
74.74452
73.61662
60.7428
60.38676
72.21766
61.97527
69.0373
72.36845
67.55632
74.37044
69.31318
67.75494
66.62928
67.35137
57.78957
63.66823
73.97442
54.05678
66.26608
58.05655
71.81974
57.79866
69.9042
71.58781
67.48605
77.23644
70.49406
78.64911
73.16617
78.36596
71.30044
78.40233
78.03541
48.35617
86.9211
76.4232
58.36416
79.01073
71.53399
72.33168
77.8376
74.29829
69.55821
58.33623
70.0723
65.77799
74.03643
62.66904
57.26047
73.29895
74.39762
68.53879
83.96904
62.55511
69.50972
66.36091
64.71893
75.44854
58.99985
62.44345
76.8276
70.77546
58.27827
60.26045
80.95412
78.13775
66.24267
63.55458
61.49483
66.99647
62.90019
80.22687
68.86331
73.11615
77.01956
72.35261
87.92218
63.59485
57.44831
69.83401
74.00805
55.72765
64.08345
59.80107
65.3794
79.73306
57.2623
65.88409
70.27997
76.30361
69.78923
68.84547
59.21492
62.80368
79.20626
67.27756
68.3263
67.31162
75.09134
57.59567
62.40695
77.24322
74.18733
72.8718
75.50094
74.17378
74.98797
62.32177
67.82896
68.20283
68.82059
75.4864
64.53374
63.27573
64.25897
63.18173
83.56138
59.78326
70.81014
65.60894
78.99202
67.75887
67.99924
67.13833
74.81991
73.50385
74.9874
69.17117
67.91597
65.72349
69.17775
55.08692
74.20897
67.93141
56.58054
78.32957
70.99092
76.88766
75.79227
75.43389
66.99814
62.77012
69.45083
57.66824
65.54118
65.96968
69.35007
70.13858
74.44876
66.42814
70.55579
71.27326
67.57725
66.48148
64.2403
68.52115
83.71136
74.94875
61.97451
60.07921
68.40448
77.2336
68.58937
61.82667
65.27235
66.84664
59.3267
64.46434
79.40272
70.59382
79.39367
64.77452
79.78379
65.0732
79.9736
70.39
77.03173
71.77688
64.06597
65.68991
63.10141
70.96829
64.1199
66.21567
64.92292
78.7197
69.52927
62.40728
71.24927
60.38232
62.63838
69.94515
82.29533
64.29753
75.90684
78.20821
78.32451
58.47908
66.61419
73.87274
73.11173
81.88888
71.83371
72.29417
66.80069
54.43713
64.0559
63.63585
75.27819
71.28068
69.34852
67.16798
64.27097
58.83868
75.16917
66.72486
72.35214
74.34681
67.16052
65.71784
58.06339
85.37801
64.98696
70.89084
70.76222
64.95591
69.78303
79.48372
66.69491
64.59038
60.56377
70.27693
71.46263
71.20327
66.74765
68.08256
58.26109
68.4102
71.01677
66.32802
78.17609
69.19892
71.28561
76.85164
76.96698
76.26612
70.41537
64.1837
71.26002
69.00506
64.50005
65.31857
61.35795
65.0405
75.91179
71.16432
78.10588
67.23919
80.09672
61.84829
77.12921
73.33061
65.81267
63.40778
59.28438
71.98531
74.1382
70.54909
68.43237
66.22915
71.50485
70.12658
76.85296
75.68044
75.26953
76.83178
71.12022
86.98039
81.05826
60.76779
58.38682
73.97339
82.19985
67.83111
62.64342
80.71
73.11163
70.07402
77.0463
66.74936
78.88513
81.30927
72.75402
68.61181
62.48448
69.91541
71.36228
76.03547
73.57281
57.28718
56.71356
57.28792
78.98483
73.18389
56.66132
61.36973
59.40974
80.89529
69.32572
73.51435
69.39097
67.45435
79.22944
61.81466
63.1217
71.38874
72.59515
68.0632
73.05598
66.37193
66.11112
64.1234
76.62087
57.67526
67.15679
68.71715
70.27826
67.22432
75.37963
63.12563
58.9006
70.68142
77.66184
86.16133
62.7089
78.09832
60.35582
76.25468
74.19159
69.21161
61.74038
61.4576
63.97212
73.68086
78.82222
54.98395
68.23896
63.01837
56.21806
77.3145
59.41565
66.75369
66.91902
61.7017
74.66267
65.47869
67.97904
68.50251
73.46718
61.23393
79.0537
74.24459
64.20008
64.89676
71.91562
79.30377
67.80568
63.70602
61.81313
72.33495
65.77356
71.71805
79.99855
64.21487
76.05958
71.82874
70.7878
74.54737
61.78167
71.9483
64.94993
70.32293
73.63709
68.77944
76.65245
64.35892
69.80317
70.63382
58.29256
70.95203
59.33073
76.03202
68.80994
68.85433
63.31952
78.08392
74.48595
77.3409
60.08736
81.31638
77.82677
72.79057
64.6321
85.10075
77.4639
73.25928
63.57079
62.74607
70.06217
77.86383
62.45203
76.12843
79.45822
73.39475
68.9276
70.49058
81.48773
57.22973
70.1918
59.54245
84.31633
57.15379
77.04592
68.08322
78.57235
78.60961
61.71627
78.08462
77.97047
72.1139
68.4744
71.51673
52.2522
68.58873
72.7055
62.33126
72.55663
63.02151
72.29075
69.95706
68.99519
58.51722
67.72084
77.66596
64.85911
73.77772
59.75138
69.18934
70.48686
63.52804
66.52896
62.34519
62.08688
61.3418
70.90719
68.53706
74.90947
79.87878
73.3598
59.16475
73.71465
75.94172
78.75864
59.68259
78.92051
65.87104
80.68145
89.23514
68.20083
78.80627
69.37971
67.28335
71.30826
68.08192
64.97174
71.33587
76.9019
74.3746
72.17391
76.29293
65.45573
73.7886
57.43634
75.64953
74.88622
70.25098
81.33315
67.8316
70.56705
76.31242
64.07034
63.40188
50.60832
63.89114
72.29485
57.93225
69.96328
56.56673
71.03299
81.28161
69.50538
71.3314
67.38595
72.66434
74.32206
58.61066
61.47134
79.11398
81.52745
64.32559
71.62207
65.5031
63.86009
65.21204
65.28902
67.6589
77.67527
71.64666
74.96789
60.49519
68.69823
63.44975
69.35673
66.62941
59.72919
68.48786
55.87078
63.17186
62.93288
80.22962
70.44866
73.34289
60.57648
68.48127
66.52698
70.74126
72.26933
66.61529
72.58446
67.85602
66.95787
70.2823
87.61841
81.28586
60.19494
69.09655
82.96748
62.30963
62.51178
71.24061
60.93671
71.79038
89.91891
75.08503
74.29058
69.84293
65.40044
62.72959
70.10368
79.66018
70.73607
72.86124
82.54214
64.25916
71.8241
68.42101
61.5563
79.15577
69.85614
52.89667
63.02797
66.53112
78.37263
73.66607
73.366
70.49148
79.46458
85.19459
74.68718
74.20059
79.19618
67.67591
70.99669
84.10808
77.45005
57.52914
62.76798
72.58763
74.1332
76.33957
77.12584
78.46763
70.29409
69.18095
64.23712
74.29469
76.4604
63.82224
64.42192
65.75444
75.78363
76.677
77.55458
72.39345
75.4197
69.60094
58.88545
73.45914
68.74284
75.78105
64.29218
59.50595
67.1952
67.15106
80.39765
86.54165
66.62565
70.06566
69.24018
78.76292
69.22819
71.24926
61.49664
66.44964
60.99774
61.28831
66.58084
65.19575
73.15364
77.45607
57.03788
77.34469
76.36899
75.75352
69.04041
67.81646
68.65923
72.1867
70.87779
62.77469
64.04965
75.03266
66.51858
69.25153
72.37873
65.032
74.95156
73.92259
68.76173
73.23689
68.43639
66.2131
65.35252
67.36367
66.21539
69.35297
72.19691
70.30187
75.4232
62.78151
55.25549
69.42923
70.95145
78.24678
59.29906
78.93656
66.02542
77.18423
74.3859
66.77639
64.15952
70.28706
67.12775
69.04669
65.20922
74.9946
63.57375
62.62239
72.14379
64.88912
63.37257
72.00513
67.24543
81.15345
64.53848
55.55626
56.27974
76.95503
74.25211
77.05712
60.53031
62.095
62.18569
64.05179
76.2351
72.9194
55.42327
73.65038
73.39437
80.77357
64.88987
74.03732
62.83632
74.11778
73.76045
81.48947
77.98517
71.98141
64.41756
65.87337
69.39076
61.34689
72.57038
66.90893
75.19925
73.13535
64.03631
82.7056
78.62193
71.12825
73.5804
75.53508
70.39789
72.05527
72.97305
66.68539
71.38661
71.14093
62.72306
64.5551
69.50182
65.0807
73.95553
76.62995
64.10339
76.09913
82.77704
77.09566
71.58945
67.20083
64.57146
77.73353
63.8927
67.68043
60.44693
63.52915
64.62289
73.69932
76.18636
69.06403
81.25998
68.61728
69.48312
73.16004
67.51778
69.7589
79.18326
64.89338
65.31955
67.1091
82.7873
88.21449
75.34043
63.19187
71.99393
73.35136
65.36961
65.51812
73.44836
66.57344
74.37547
76.29822
62.02587
61.13549
67.58674
56.43797
66.14681
59.22405
72.19578
72.14872
63.19092
64.70063
87.84148
69.59148
71.61186
67.60195
59.96947
73.75356
76.31855
85.40996
75.42071
68.44043
59.41203
64.21618
77.88843
77.3713
73.59942
55.94899
59.80273
76.27303
60.61388
69.78187
71.54973
69.27314
78.28685
65.4897
74.10788
70.3554
70.29875
75.6707
72.2197
63.53096
67.02916
81.73944
75.83966
65.17078
68.4476
64.86697
54.42697
74.70225
72.35256
69.46651
63.51917
75.88936
60.35683
56.58163
66.45514
72.07408
78.47643
59.03416
66.38446
69.22459
57.78827
55.78896
75.08857
71.81519
69.67639
69.39912
70.84894
69.5104
60.3448
63.44094
54.43255
90.2429
75.26811
57.46627
69.46435
64.19211
77.1563
71.37095
69.82248
66.7606
68.05012
72.47936
71.02459
67.5704
60.78196
60.42525
73.1659
65.09329
62.80627
67.66611
67.07467
75.52715
70.29144
65.20629
70.32761
68.31785
74.86461
72.13794
70.14628
79.4961
77.3717
64.07499
71.00741
73.48893
59.62924
77.73479
79.38434
84.49644
63.53673
65.37275
68.28406
69.69528
57.95891
73.54583
78.66997
71.03051
73.63946
63.7179
67.57259
74.71175
62.70144
58.5015
66.82795
78.6554
74.58445
68.26895
65.49436
71.58925
79.27715
67.38805
67.82657
78.86373
71.37458
67.48423
72.46854
84.30031
68.37544
68.76113
64.03266
